111 332 1466 14092 172620 
111 332 1466 14092 66227 
111 332 1466 66227 172620 
186 332 668 2512 13217 
186 332 9015 13217 114962 
207 332 794 2512 168474 
233 332 1608 114962 182166 
261 323 332 73693 183629 
261 323 332 73693 88745 
261 323 332 88745 183629 
261 332 1231 47681 183629 
261 332 1231 47681 58820 
261 332 1231 58820 183629 
261 332 1231 6247 183629 
261 332 1231 6247 47681 
261 332 1231 6247 58820 
261 332 1353 1466 238996 
261 332 1353 20540 32751 
261 332 1353 3115 32751 36483 
261 332 1353 3115 32751 36483 204640 
261 332 1353 6247 204640 
261 332 1353 6247 32751 
261 332 1353 6247 36483 
261 332 1353 6247 58820 
261 332 1466 114962 238996 
261 332 1466 20592 32751 
261 332 1466 2512 15183 
261 332 1466 2512 238996 
261 332 1466 3328 72018 
261 332 1466 47681 238996 
261 332 1466 5346 238996 
261 332 1466 7266 32751 
261 332 1635 114962 183629 
261 332 875 1353 114962 
261 332 875 1353 6247 
261 332 875 6247 114962 
261 332 903 1353 1466 
261 332 903 1353 1466 32751 
261 332 903 1466 114962 
261 332 903 1466 238996 
261 332 903 1466 47681 
261 332 903 1466 5346 
261 332 903 32751 204640 
261 332 903 32751 36483 
323 332 715 1635 183629 
332 1353 1466 2512 15183 
332 1353 1608 32751 129085 
332 1353 1888 2253 2512 6247 
332 1353 2512 27041 48254 
332 1353 6068 36483 204640 
332 1459 1608 1807 114962 
332 1459 1608 1807 2512 
332 1608 1635 114962 182166 
332 1608 1888 2512 4388 
332 1608 1888 4388 114962 
332 1608 32751 129085 204640 
332 1608 32751 36483 129085 
332 1631 1808 1888 114962 
332 1631 1808 1888 13207 
332 1635 2408 27041 114962 
332 1635 2408 3328 114962 
332 1808 2408 3328 27041 
332 1808 3328 27041 182345 
332 1808 3328 27041 30268 
332 1888 2512 27550 114962 
332 2408 2512 3328 27041 
332 2408 3328 27041 114962 
332 2408 3328 27041 182345 
332 2408 3328 27041 219266 
332 2408 3328 27041 30268 
332 2512 3328 27041 182345 
332 2512 3328 27041 30268 
332 3328 27041 114962 182345 
332 3328 27041 182345 219266 
332 3328 27041 30268 114962 
332 3328 27041 30268 182345 
332 3328 27041 30268 219266 
332 612 1459 1608 1807 
332 612 1608 1807 114962 
332 612 1608 1807 2512 
332 612 636 1807 21449 
332 636 1807 21449 58820 
332 636 715 1807 21449 
332 715 1466 1635 114962 
332 715 1631 1808 1888 
332 715 1888 2253 6247 
332 794 903 3538 168474 
